list.experiences <- list("baseline"     = "experiment_no_noise_21_06_2023_17h13",
                         "noisetype1"   = "experiment_miss_gamma_50_23_06_2023_23h09",
                         "noisetype2"   = "experiment_temp_5_22_06_2023_22h39",
                         "noisetype3"   = "experiment_subsetsize500_24_06_2023_05h45")

list.exp.gauss   <- list("baseline"     = "experiment_no_noise_21_06_2023_17h13",
                         "low.noise"    = "experiment_temp_1_22_06_2023_10h36",
                         "mid.noise"    = "experiment_temp_3_22_06_2023_16h08",
                         "high.noise"   = "experiment_temp_5_22_06_2023_22h39")

list.exp.miss    <- list("baseline"     = "experiment_no_noise_21_06_2023_17h13",
                         "low.noise"    = "experiment_miss_gamma_10_23_06_2023_09h54",
                         "mid.noise"    = "experiment_miss_gamma_25_23_06_2023_16h28",
                         "high.noise"   = "experiment_miss_gamma_50_23_06_2023_23h09")

list.exp.subset  <- list("baseline"     = "experiment_no_noise_21_06_2023_17h13",
                         "low.noise"    = "experiment_subsetsize2000_24_06_2023_10h57",
                         "mid.noise"    = "experiment_subsetsize1000_24_06_2023_07h45",
                         "high.noise"   = "experiment_subsetsize500_24_06_2023_05h45")

# TODO: create fig list  